1707254658,
1707357602,
1707884821,
1709648822,
1710271441,
1707256021,
1707358862,
1708632181,
1709658001,
1710344161,
1707256681,
1707378121,
1708700762,
1709674022,
1710354061,
1707258541,
1707378302,
1708708142,
1709710021,
1710368821,
1707258901,
1707382081,
1708708861,
1709767981,
1710408601,
1707260401,
1707385501,
1708728481,
1709778601,
1710426422,
1707262261,
1707388921,
1708732262,
1709780041,
1710431461,
1707264122,
1707391441,
1708739641,
1709781481,
1710451802,
1707269761,
1707396301,
1708740361,
1709782201,
1710515341,
1707270242,
1707399901,
1708790401,
1709782921,
1710617221,
1707272101,
1707403681,
1709040421,
1709784362,
1710718021,
1707273961,
1707404222,
1709124661,
1709785081,
1710795062,
1707276962,
1707410521,
1709127721,
1709814422,
1710799381,
1707277022,
1707414121,
1709138161,
1709818741,
1710834841,
1707280081,
1707420961,
1709138881,
1709843221,
1710855010,
1707294181,
1707424201,
1709204581,
1709884622,
1710855721,
1707302162,
1707424922,
1709207821,
1709885341,
1710860041,
1707305821,
1707453002,
1709210881,
1709895241,
1710870481,
1707307081,
1707456241,
1709223121,
1709923321,
1711010701,
1707307742,
1707456961,
1709242741,
1709924041,
1711017541,
1707307802,
1707460921,
1709244001,
1709924762,
1711024921,
1707307862,
1707464341,
1709245261,
1709926741,
1711039682,
1707307922,
1707464521,
1709287741,
1710050581,
1711040401,
1707307982,
1707471722,
1709290981,
1710059221,
1711057682,
1707308042,
1707479101,
1709292961,
1710095401,
1711072441,
1707308102,
1707506821,
1709294221,
1710145081,
1711081802,
1707308162,
1707560101,
1709305381,
1710157321,
1711085041,
1707313682,
1707560821,
1709324461,
1710180002,
1711088821,
1707315541,
1707573062,
1709325181,
1710183241,
1711092062,
1707316741,
1707593221,
1709329502,
1710183961,
1711092781,
1707327541,
1707609061,
1709333821,
1710191341,
1711136341,
1707330241,
1707719581,
1709334541,
1710199441,
1711153621,
1707333301,
1707740821,
1709338861,
1710200161,
1711188001,
1707334741,
1707746941,
1709343181,
1710200881,
1711283221,
1707336362,
1707763501,
1709361721,
1710201601,
1711380421,
1707338341,
1707771421,
1709519042,
1710202321,
1711454761,
1707340321,
1707802021,
1709537221,
1710210421,
1711459801,
1707345542,
1707802741,
1709546942,
1710265502,
1711475641,
1707356342,
1707823621,
1709591222,
1710268021,
1711481221,